XRes=1440
YRes=810
MSAA=2
Fullscreen=false
FontModRaw=706.99999999999
FontModPercent=0.48158131176996
LineModifier=3
AudioRaw=593
AudioPercent=0.071877807726864
TimerBox=false
ReducedFlicker=false
FontSelected=Stylized
